44498
204034
520734
992868
148357
921173
2076936
449
216171
554964
2
482908
292020
749204
2250374
5090
921035
267748
208
2967
111
35144
12
758
4045
91
10377586
120150000
2747835
460518
1536455
252831
4045
729512
4450716
91
10890
4388
758494
50566
10173
5423
1463
55
372420
6068
1370
11377
11040
21785
162
460656
27853
241
467325
758
3660
125910
506
194
205299
80400
964
14771926
5562
249
1656
138
1585938
651293
110
10113
6747285
5593
82
44245
179
2765478
8901
30340
77
327922
426154
2265132
5044145
2760
810030
613116
2672
966068
296714
8280
16312
14944021
109
1472742
16181
118
13352148
339
1380
11252894
262944
196
11
73
10088290
252831
2244644
1780286
382
2528
12825480
82676
185
337144888
737335
10
27601
1829
1127880
1011
103
505662
23470
482908
5057
48
240082535
127
187999412
2348494
3725909
2612570
9960
41401
51578
327922
1878030
1962766
460518
326386
1072
151699
9791575
153
58657
4962299
178029
32273
1180923
245
445
750403
31
47
14836
460518
2892965
1679757
490
9908777
200
116555
204288
177993
5569329
127471358
2244644
8280
38
13397
101638
74179
370893
74
758494
534086
889
426
1448976
370893
12642
125
136
1488508
5057
3019545
5627
278620
9558654
50566
483160
4821605
163193
2471106
101132
74179
490023531
164
1652100
156575566
11349326
477092
77619
657
137
7
835860
899
607
84
5279879
2020
3140722
356239
749645
50566
1070526
41401
1035
15132434
1162198
231420136
758494
16560
11040
2682
20
1424
316001
13800
274949594
1077309
660
33879
278620
16560
69781
14
205
14065746
6751
327869
330703
205
1512773
104492444
108301
156
71298
2670430
3285278
1318896
169840996
3691127
151699
41401
23821
1517
1210636
2765478
3865698
7432696
14135294
2023
2294990
1097400
75849
3540
1378
141585
473
253
60679
3043248
10473
30340
147
83
139588
141352942
97087
93
164
141
329823530
260
14740
63210136
126
655
36518
2141
9168
12981255
105579774
445072
495822626
1579045
1045478
199989
194
253
2258
252831
15170
2968150
378
25536
8280
464451
17803
1460
7838
6131603
1379722
408
46
151699
11942755
17951
60
16434
414010
6067809
41401
2528
1104
100
383646381
28814253
187
123136
2142081
219
50566
1879
155
522855
204288
208333
162
26294
141333
3140722
13871398
273028643
131
201759
29671
29671
1636446
149929
3452
965815
6068
237372
1700545
5886
810030
43384480
1064028
4045
129450
65
179
1928551
1011
5805217
64
263
182
460518
1314218
2967144
159
168
1578262
1011
1517
15132434
141
11836
309971
108301
14664
1077
189684
43740
5504
2399945
546600952
303397
464
4530543
253
11211354
8
148357
482908
25283
801129
3497903
9753
191660091
2955483
59163
75849
2511234
11211354
209091
47474
8629
1332
2036425
119
83940
1517
10109
1065178
8
34385
60
376
1896837
182291
62599
3643121
134253
2023
202
5044145
2488614
154986
42
4513073
534
151699
71
300248146
1014951
95
5934288
3861627
5044145
15384
309971
2242285
4140
113016
2347920
758
1636446
75849
1388
183940046
12293
188865
506
758494
10088290
328175
4045
151
19
3811
398
59
45306
44
6067809
9102
2528
1923123
105
3110202
70
31
224
4644
229
33879
7511325
45004
222536
60174
165604
41464
253
53409
4619837
869486
151699
464957
229571
2275481
810030
3732667
88491
121653
82802
25283
1322345
13426327
1165498
1614126
252831
336
4914345
1011
575835
4384
266794616
3540
183
12825480
11837
56376
126416
593429
2159
5385366
36
118686
38178
118686
10427
53347
24272
1851
2023
15170
236
252831
252831
758494
160
233616
9898
677852
4879
4077871
76
204
1360139
5035243
1036432
6526
25536
749204
722729
1264
758494
492082
2720239
51830
17803
16181
481252400
8280
206
2118541
259
130714
281786
50
25536
582845296
210
193669
1433300
1770
196
296714
29834
252831
14836
98040951
31155
869
5088
10619
10389
8196735
43993
429
92
1517
786391
27601
312752444
1807344
506
26294
27601
17311
78883
276007
2037991
7212624
2224022
757
347474526
29937828
84698
447
24777
990947
781842
14860
9558654
984019
1720721
6713163
94
33879
89014
184
15132434
2467
12894
164513077
6131603
1884706
70540
1540398
13871398
1056436
217
111233892
253
159656335
376971
6225
1180892
96
47785
3240
50566
15170
50566
1516987
1264
1078557
85204
10186
296714
61
2528
41401
544
108660543
14242291
634353
5044145
50566
7
12063
841
7937110
1221
296714
138432
134
65483
828
239
116
728
53721
236
585849
6182045
89
152808
8010000
249
165604
1011
72310
502092897
53409
326386
360032
122876
252831
1563685
29972
359870092
1880598
74179
15170
15454
18883303
8901
414010
135662580
123136
2
11215
83940
20610
30845
21
9374691
13
370893
194933
7107793
144114
8356
774911
1991
6826
2528
1112679
9860
1460330
23
26800
55
2240250
104419
52
226092218
1249
5057
758494
1636446
72
87227
409
414010
190382
5649442
1577037
6574
1770
14133990
4450716
151699
1308511
4743
149170
14159
751
38683
1484
86
2076936
978
1861883
11801
552
203249
953637
1264
11556
435
3900532
1011325
26704
177993
232099
154986
231
741786
5044145
2663012
146
215
505662
370893
253
1239104
35606
1853454
11418
253
5212020
84698
184
118072
119
45762
151699
327922
35606
325899
140
5044145
5322404
561
1856621
5934
890143
701607
741786
370893
1383099
505662
13273
82802
2664495
10366
4435261
13871398
29
10366
506
506
178029
3137798
0
157259
41898462
150
3278944
168133
3792
6321
2002822
271541
9005282
1770
1313436
336839
11338
43487
2760
482908
1011
311
20296833
1906751
2311276
190
4617
2259251
40056
154986
53605385
63210136
36092
29834
12642
310
8280
16940
445072
237372
758494
1311478
144367
74179
208
1409191
3034
621755
11601
4177397
174
110
1160
14836
584
3750338
81159
26738
155
10113
5
482402
47532
8085467
10213
505662
1073135
3714
50313
1088
1710498
150
3965225
25030
197208
735253
7647
13871398
132989
1550108
34105928
462874
11868576
3713
47474
5198436
89
3130
15013
1965195
602970
139057
1229518
172
253
66580860
6826
1562565
38
1011
9958
419851
149
533979
822
449
253
166
1011
2690381
1308511
13352
267043
6564
141
217
791
1028115
3918176
151
70
252831
11869
62844
111
859
549
1045
5373
148357
173
563561
615
430066
206816
10088290
370903
388611856
472513
151699
651
8901
22562
0
50566
8280
5057
1516987
9029
149
2895611
21691
5034682
1344060
1775973
1011
3629549
8064697
1011325
15928
95
532
553161178
2528
8555760
133521
75344
1624183
501617
801188
5000
160
230
17886
95570
48313711
5057
98351
116628
659
37925
1
17
14593
9126
21491
715259
101132
86
28
10113
17193
6900
3155
420458
1327
138004
3983
168
370893
63448
5163161
23008
655844
327922
41401
8085467
112763
543840
455096
1440
506
505662
2373715
4031
71046
2528
235
7838
370
699
9374691
12425
76
28317
110993
10113
1150626
1
2621165
234
31828
621617
57646
758494
132989
16795
4512168
1264
241
237372
1262629
172178
519062
50566
436892
58353394
15
151699
55876
143355
43740
1340440
10113
84951
64521
676323
24272
84698
38573
16425
7101
3278944
75849
33
158790
350664028
19325
1914527
104528688
232921
304662
20082
352700
20320
640280
2286
956507
5044145
42728
29671
12981255
227
6068
11217
326386
35866
50566
4718459
77997828
4143
91806923
890
844314
1011
401273
559768
780
5591583
2391802
12389
214639005
222536
227
7390
48
285
2512
4805
271
1011
499483305
5057
2834695
225525
143128914
3571190
8280
14149
101132
17803
138299
506
7538
438339096
87985
2540509
21455
267043
133
186930
790350
161709
572730
3316
22920
13871398
61
20479
61615385
68
68
488465024
23597
24519
401406110
46
130714
13871398
6937
1133927
1302576
90261
5385366
237
19468
243224
84446
222
255341403
5044145
860230
50566
1264
518692807
92
76
152624933
506
13871398
14133990
38129050
726543
53347
1872
1264156
6826
6892
27601
5393
21996
7674
964322
47474
2760
21813
7511325
27601
1484
4835176
250
3857287
9138804
3859817
16
1302576
5095302
2262417
1636446
12535
2102723
1517
505662
3932652
134
29671
35074
102
5044145
16434
63
915804
1963109
408575
1853454
5057
29328
8958
82802
121612
2023
82802
11574
2275
597491
185
24357
347
156
2258462
101
37925
3480460
6574
7418
209963485
3312
20479
10366
2593117
257782
294521539
251
151699
1011
1186627
35144
835251
24525
308
16434
758494
195
337
14836
399
121612
41401
2876646
8280
252
5057
1825347
5044145
252831
543665
35029
93
1379722
2587688
55201
95
943
7838
227505747
1020691
153386064
64841131
30
781842
1786221
10030
31604
1656
272593711
1672984
1430919
55
1656
2967
28823
56
5934
799
89
179
7714574
12349
9567
518
10583
118
12699376
230835
2
1656
16069
1636446
13446652
8849
2479049
3913
253
44507
35396
296658
23
20226
2720239
1258594
5380
552
36408
7418
467325
37
110
2937
1679757
152808
29671
12761
136
1312392
77
106695
8143
2452875
4451
6037
172178
56
3792
4937870
882147
26294
2493805
117061
196
253
345
74179
372954300
11
5240
228
18
299682
84
379794
14917
1110967
106
51268
5962476
100
2616641
253
50
24487
1
82802
7304
154986
737862
29671
15922
204288
606795
2657659
70793
237372
3792
2438992
100627
380166924
2198630
421
42476
244
2711970
22254027
123
159
1891908
10113
353090
26
50566
2565035
24525
691345
27811
1513243
198
656097
772
10385
1264
4048917
222536
313
6055
1092
107
154986
11630
126
46
63210136
114027
1804474
48038
4911
1846
4419427
114
7796
112
266131
44751
9149
239
60
334100363
115
148
1359878
91
23913
15170
602750
59282
1261036
1011
162
151699
165
4361702
430236
12115
758494
8085467
75849
391
168
56418
36408
1288868
1204
11883
353205
87820046
393
232
71
990947
322
39947
401545
62
197208
47298869
46521
236
252
336013
72561177
27811
4522
27376
102
506
3519165
252831
531198
24777
179004
4069
15132434
226
266
203
7838
14836
13871398
370893
558996518
296714
37925
102397
3461173
1011
9175
1780286
2002822
36155
19286
506
82802
476949
363
140
118831
38
9355
9
1042347
1321
75849
61691
98622
405610454
25359
23008
13195
1730630
426526
385386110
101132
655
15255
3524
430236
41
106817
1299868
49747
54359
95
689
5044145
176
31690
16940
2528
120584932
14006403
10031
176
10990
55127647
1209
93548
84
356463123
1
8901
21238
414010
213
23260
194
252831
536778735
1011
142597
5057
1516165
395534526
3792468
74179
3263858
532103214
45510
1061891
96432
146642
2
55
3540
1364886
15170
15132434
3344089
901596
14836
5520
99
72
201
62159050
326386
29076
302386
15537
15423
26547
138
54
25
140939
251061
62
466
30340
1333526
3263858
252831
18710
2726120
1558946
41
7848
40056
64
59263
761083
171
112
158
3404
430764028
102397
34385
912215
190129
25443529
69842851
58
37
226
1341798
267
221
58969548
206
435
384303
3729980
23260
38573
777211
1656
135005
1011325
19861901
1011
414010
105942218
2781
8876211
797935
172
29974072
252831
162318
111751
47854
239684
92789
557240
14825335
233
179
449
9908777
54
108733032
175212
152
2138416
148159
71
1344060
20184
217031132
80348
484677
24
539
1152974
12642
10438371
346379
99
45559140
9336
228085657
2827909
43024
41401
215
162
68
130967
181786
151699
9915
13426327
22502
36
408
1582018
140068
1275
104672
314400
1356486
1011
3732667
63210136
390
34891
478
1011
1516987
262
15170
140371
14642715
445072
264728689
4045
252831
1144886
219604480
5520
3497903
107453
3106130
359024
5044145
914
589912943
103
209091
1614126
331967
5769
142
272299
253
9138804
208
344
12894
3560573
8503
75597
84086878
328175
296714
370893
2023
506
4258828
506
4080585
140
26667
237372
958
342
502628
163
29671
674554
12642
637936
439208961
420
756908
82802
4417618
14135
775
1246
5429
2811622
14159
71490
181
4013178
2196626
151699
10534
21238
253
47227
7914
12642
72
474
47354
49809
1312952
70034
3312
307
116
140
417
5057
34577104
436
112763
274575
914
83
129
2135747
83940
5815
6001
592
609774843
849
7164169
10619
447037739
202
116
1011
361914
2744608
178
7838
198
1151
5762851
17698
207
13653
7888
1011325
35456
1472
249
20479
5661311
17193
1065205
729
461
15928
7585
30845
290860861
124
252831
147653
5057
12102
1510993
2952308
12136
16181
232
1671930
22249
1029
18867
61
345
18962
504871
14807
3792468
1398
5371262
617667
153721
25
100374
40
8495
32536
6900
88238
7696772
93042
103061
108301
16687
295560
21
126
237
402529684
58910
13
2967
1018
2275
5562
12553
2112351
758
3347256
1517
77619
593429
4495
70540
13979699
999
637936
2373715
2275
697138
437867920
10547104
281879
8662398
438774028
27306
175495114
637936
138004
101891
118686
231
84
623100
9583
129
6666
139178281
2818381
1770
3540
552979956
11806
350424
3034
1210595
7009
248128
5044145
86468
5044145
2913093
10068
34122
36
11219
1656
35768
50
222
98258417
214
2528
284373123
356057
160091267
25536
65989
4961394
118686
41717
139
44
941543
2851
159402625
162570
1264
422987
478514
252831
6958914
229
758494
741
36244344
384
18575
18204
42223
2941007
934650
50566
10113
260126
168
5044145
54359
5183601
62310
657361
195
232
1264156
1864312
232
13871398
252831
45004
8875
580420
749
731401
192
2934505
2967144
5057
7838
526920273
12572
123
10088290
280395
5520
207322
32
14570226
1299085
323118
2959
921525
8343
14838
4968
4072
45004
81159
2609855
7730
2528
35606
143
13228
1075590
214148
247
117250453
138004
15132434
269476698
131
21767
1208027
8280
1011325
126670
18457
227
128691
414010
33627
91
200
4066471
3651716
143102
302422806
156
164
996960
11075
123
397
2888
68244
10743
8943
61438
43740
14165145
5133159
216
155
64
33597
743282
44751
506
1299868
143092670
9920646
97340
116126878
4539311
1780286
83543213
1603049
81917
14081
114242172
1846481
215
2412
366442
88
109476
236
34385
55589
70925
82802
1279256
13653
1081524
83760679
239
72815
404530
20701
194
84
184
1233
83231
344103
133
90261
14288
174
15132434
5041920
46521
910
69
86
112257
3311064
48958
85
138004
152808
281879
30340
18710
758494
8146
38430
8917
33374
445072
345
212
165
581214300
1336657
2339867
11869
462338
322502173
104503
26547
1335215
2242285
3137798
126057828
4920
2582899
185325
59
70540
10113
151138914
28823
77
179
5934
484254
94
539
68604
145267331
410598
462338
637936
122
3010
296714
1779679
261
4879059
590867
15132434
236
50566
15170
2080780
212122
8091
188
86215
64219
14917
3267182
75849
2738
1377
283
1112679
2611665
1011
3216062
442104
1046261
233
183
2509
4298
324902
21206
807063
800211
1288
1011325
5044145
97593
148357
46015
302
252
552
11001
30340
165604
105
1126
220
13
63210136
37404163
138
76
142597
848
8280
450
12365
137
211
95823
181222
129197
163071
277609
4450716
53600
93295
20358
107
106
2967
2511234
9294579
66
14143
429
238
5057
170
50566
6574
8343
1360
50313
2488614
3865698
83231
252831
122117
7480
11791
2159272
1026
400564
253
16560
16240
142091
424022580
109784
49
4076966
138
147
6653
22000317
26
3540
583282
821093
476323169
75
391
80
1573827
2077001
4009
53
158
174959
4045
40056
74179
13944093
204
4349321
197461
445072
15170
4382
1777904
184726
42
5934
14855
179257
452
6502496
335
64725
16634
250215
710631
8892
38178
276
1124593
13871398
6068
3034200
10221
985283
82802
176
339805
41401
758494
63210136
971883
204
380463
117061
10885
133521
14264
2317950
30250
22348
915804
3573
1444936
4976775
877
177524797
52880498
182544
100
32466
193
75849
281148
2706667
415400
9
318
99
5044145
2954126
7140136
1683807
27
189
13871398
193182354
1611159
298
229100498
567586427
5044145
247016
195
534086
1791476
198
860
5044145
483
5118323
121653
2136344
169127
3750338
1555
145390
381
3312
208
22610
579488
104166
458853395
63210136
641
2852039
551
30340
12642
101132
38
194
6979
45257
14633
231
2765478
57
147653
7781335
163193
25283
531198
2298382
213
117314
245
472774
1633576
153
1154279
1036432
50566
60709276
29671
5044145
3909
3560573
529934
14165145
130
191406381
82802
54
48958
143102
758
5053
220
75091
2528
418765
523078373
152808
6886425
377541
1264
240118779
140
104
32
2135
15212
13871398
16541828
4450716
16560
7597
25789
145
33
2635
626067
2520734
8091
121
400564
34
8280
2259251
36408
85
1370836
1916775
249
176
12642
5044145
50566
403145838
12136
4045
20
254601
7937110
94053
740
12420
172684
403
13352148
183
198
2528
183
309971
3540
32865
187
2023
201228598
40
579112128
151699
8901432
326386
5309
2283394
5057
2840
4551
247585114
135
146
2760
155
667607
3168
45004
4727054
278222
1435804
169
59
24841
400564
26
403
207
2781
20595
9900
136
28959231
73
242
343233938
4148444
1035533
4045
437
28
136
3034
1770
25536
218
214
3261754
741786
1483572
133886607
158
152
615138
2223239
1928644
203
5044145
252831
82802
792
16687
41540
1347615
72815
8152
143355
219
4504025
1011
3560573
11422
323
5044145
2701231
4960489
203
253
2135747
19398
20701
366
505662
396730589
77
502123
6527717
179
137
257
2155200
1180923
11813
178
1164715
19215
219568236
10619
9936
1636446
70
2160177
13871398
32110
3263858
56129
581576744
75091
17803
17
214
5044145
1725879
43234
12062
3672
177
9555
369
196197
84446
1121935
68
10872
30924
24841
2388397
21
37
213
2023
215918
124620
93295
2023
489
1360922
2948
148357
74179
91272
7362
208
26800
162
24300
68211855
3578429
98857
356057
75849
225020
10886
2134789
61
4491
2907982
5202520
548897
88
327669
2967
1865669
3497903
99
2712
250173
33733
2103741
9798
451006
15676
1224
1378
264
38382
82802
23260
40
53
206012851
57859
15170
2001
3657005
59295747
1104
7
199737
1262
974510
5934
391
4804
54359
1380
1011
3905509
1517
253
6738
11869
1555327
259
4922
388760
336311268
1132362
7
498480
1364886
17460
341965386
341222
28922987
244235
398
553378644
123382
163853
13653
60
560
8747
24
194
6616
10626826
82802
338254
383545
29671
410902128
24671
26
3875
979989
10088290
49808
12726
222536
1720199
19045
147
10113
11423504
59415
1719155
1438
23766
252831
7585
130
16
98622
572
191
296714
57898
105936
343598
178
766837
31315113
193669
199989
3852579
148357
2
118
15423
16181
1264
8596
311235
584657513
158713982
4914345
758494
1517
5044145
411300816
117
419809
17306
28914
1484
222
2528
89014
3278944
27559
6784
40
212
1113
2939197
586
6321
23737
10573
428802
767711
3560573
109784
192864
810030
189371
477
26547
651293
262439
195
2147962
13800
120348
2031010
10610
400
367046472
27601
23182
41401
117202
201001
42
2311276
2
18286
268
1053548
3910033
171
177
303397
2621165
8901
205
2480532
3
8596
63208
182
252985521
1057480
77114
148357
4146182
41401
75344
1180
8029
1335215
574255386
2528
2803
39
757988
29671
804394
219
4851010
940591
114533
145
7506
41717
3540428
101638
60427
1652100
59343
1591873
8901
255
12136
338304707
1422324
151
5044145
61
64
44245
152
1770
133495
871
89
99254
21491
370893
183033937
13871398
24777
2045
462874
12096
253
4804
187
252831
200
743602
111
60
1143303
11492
2023
11497683
3263858
240
7156
10159
8876211
249
245
32327
479036
1880598
346379
246005
336771
2002822
109
2714358
39944
106
54106
175718
318
1516987
1480605
68
70034
2023
1519818
80
19215
74179
370893
59343
32868
184
1243511
10031
4622
465812309
2528
1885096
758494
6574
1568447
59343
76
15170
2291823
11377
88491
1360139
3540428
479
28
52
190
39189
223250
99399
26
8280
136641177
39694
40521177
442960
10113
6157
103850
75
5499601
1011325
12
369656064
2220907
51140769
196956
504738735
193416
9242308
16201222
306
1030
45257
2118541
140
376
59415
6116767
827616
307
39252625
120
11853
7079
1070004
94
28317
151699
741786
129
688377
2945
778
173578
384
15676
19721
9010
1798715
358009
99
154
74179
15170
2023
59
5044145
1824564
3792468
16682
26844
4548
131
73068
128
152
3370
145884
137583530
484930
166
37330
185
304
50566
29671
50566
1135754
111
5263
96
2208
35
2905526
28823
151446
19658
79846290
149
2083270
40
4524895
546782174
461607965
84
109
5044145
134
9346504
8010000
101132
46182
374
581649233
29671
40056
256
65
14836
2528
7838
169877240
120
26688
532014
103
2528
12642
4204344
4376
12642
2113
1011
162
61
11869
158
25283
35679
70034
11611
190
66
2023
338485929
188
37404163
1880598
13352148
21279
166
205299
22938
34891
16560
2895872
1668
174201
1407103
10448
7585
857
143906
42728
198
213390
14534
53853
22273
50566
84564
14836
43710679
587520816
1770
108
427790
82802
22
36
3
29670
168
5057
13352148
37925
3913199
801129
74585
24
416
2830905
62449
758
71
35606
23
4804
7339
12117
101132
252831
10113
2666
485203033
82802
413808
2275481
1859526
50566
146895
55815
216
11601
66495
429
11108
527044
9860
151699
10060
105178
234464661
165604
179510
1210375
1011
14664
333
8606
87
116
34385
13871398
142850
88
213
14836
366442
20226
26949
5379
5885
1516987
130554
201
2781
107200
8085467
164593
5834
329
14771926
37
1011
20701
41401
239
184
5934
1434
9116
13723041
102
39442
613116
13767
59415
32547
8280
4140
758
33
509631721
306179
9990
45004
2948055
1620924
243
117
141
370893
6713163
301746
1998
47532
41970
11497683
11663
206773983
260163
1805
37419
12642
2707
293
233363
12541
856339
220
2775852
932
132736
37
138804
12981255
72
44535
5309
1380
61
7227
20206
7107793
77366
662
742
1535697
1962766
4804
741
86246
49
252831
121653
415976336
8328
67
2528
885785
174117829
2510
192910
17351
0
987559
1901794
161
5057
264438734
1112679
404277
5285
442507196
195
1326
895
378201
430236
1508278
75
191
589514255
2275
47027
2760
6231002
18988
1484
185325
27306
273
207
3850317
24019
3470
3314684
63208
9608
651
55201
1864
12
34385
161053
5309
601
226
3126036
133521
4298
31098
4536597
30340
7973756
1144625
2759937
1864312
3823
2967
11423504
296714
323
338775883
105431
1671930
59921
62102
12642
79895
72379955
229535431
450
1264
123
10113
11883
50313
273
11289
220469
9005282
6070
15585068
58910
74
274442173
10959
138004
59343
2275
101955340
116808
758494
8606201
4776
253
31351
252831
73321
2467804
219
1513243
181294209
3560573
152
7332
613
512489
758
6321
116050
30
120222489
8343
161812
4812
2513043
408575
30
28600
38178
15676
4158849
343632625
5534
119083
374581
10113
4089180
253
461417
9860
13642
7625560
159
57898
12642
5662
140321
1076
1517
103
3562
289745
15170
5376
209
997
174
189521675
428
47
5044145
413632
146
599421
189
1112679
405
92
3034
2152034
22593
946331
102
225
1343155
171
5044145
7332
1202808
232
905
758494
4803
16222
486700
708
107
234122
297747286
123
50441
63210136
63210136
89014
1212201
22
16837
6850181
187348
498480
5057
169
1586
207700
243171
141
19286
892571
1112679
167
5520
48603665
225
3
8280
118578
5934
4551
5044145
169949729
237
76102
73173
2373254
325141
4140
43
43
11453
77
334496
4551
2528
20
11630
799
23078
4054
8280
208042535
529300
82802
25
7432696
1347615
243171
1335215
66
1072623
85282941
229065
273
5157
98622
5562
798926
19468
2275481
1335215
4619837
78378
139588
17803
1517
370893
51219
110
99
24629
144977
8136
13871398
90
10819
60564299
572008237
2774
604954346
963812
1636446
8280
560527
29671
3540
1430
148918
3130107
41401
1065046
124
237
133242
4385
5057
45035
4298
677330
864
5057
522
19370
726996
2326
193163
204556
1963109
19848
165
986
6068
552
27559
119533847
7772434
44
69584
5309
1483572
32654
150
146
59440724
82802
10404290
1415
2755
4436166
50819
58657
7585
1280
1304796
487957603
193669
4384593
1570957
1209331
759
6271059
160
125910
824
1162628
3840
156104390
107
389107
23737
1230
1011559
1305347
30340
813526
248
2706189
1261036
36
1264156
203
2275481
11
8596
5934
1167
379043350
1095312
8280
55
253
445072
98857
13718
3570
577253
720569
11075
32
8041
1775251
187
1508731
54864
2216457
370893
1011325
253
2023
20034
26042
108970
13400
139
15423
386326
10657
505662
101132
175
216171
38936
325
9640996
5044145
4076966
29
2900292
1057
38658
941
253
51790
155997
30506
157
515
1643656
252831
175
2863294
296714
7300
2178725
5581629
22
76
60679
10113
2480018
2325300
1011
2242025
175
3
2481
8777
4298
444856
387590
6239
1441
4045
3765
5309
12619
49913
15
1484
326386
104672
30340
93
233
6321
758494
81917
1658623
3865698
33682
15170
204556
5057
978074
75
507891992
2250635
1166
98622
62702
173
213895
253
161
112763
1448588
1582018
28064
1895271
142597
29
160295
300616
2868
31340
505662
3620954
114
5057
166035340
74179
1179
1298303
2781
11835
221
50566
2528
132835521
1337274
47375
11869
6826
1846481
869
1173064
3841269
17
592
273563
1945
168133
1770
619
31
467660771
3261301
142
62
363856969
49
1612442
35
117
9936
270529
495043
1109712
6826
2198630
545569
2002822
2053412
1562244
20177
357840408
249
381181766
1264
5057
233
70287
5057
232
923
247
2239345
240
61615385
158020
3034
261936
215514
28188
10259
6068
74179
1622671
370893
507421
247
108
505157
223
5347285
136529
56634
97340
18
69217
194
4272
550
47
2023
96
18924
7445
4194
4998
368460001
25
7913373
188359
197967
86261539
9
15170
912
81917
257782
321
15104
4062020
253891630
58
166
68012
4436
13147
2563259
229318
81
1814064
6596
54612
103155
9355
8085467
66
39011
48
1270772
2314895
246
82802
3
74179
5488
197
641
99
27871901
938243
24765
46521
571146
60
1967
13653
82
2528
9
43024
2289
238
2528
42435
5035243
796418
3371
10817
7460884
16
399
18710
175
5057
315533
2967
86
552
5057
35171
14836
23737
2275
50566
243
116050
2331518
4531621
2954
15008
3034
59
37
14664
31387602
59
90026
56432444
1101
30087
85
180098145
4045
380601856
3837
506
453597965
37925
172178
13906
2094580
30340
22785
149
245048010
296714
59
3312
2386825
1920841
24328
50441
2771678
252
442
14481146
15132434
29671
8812418
8448
65483
3665906
37512896
17193
57
142
1479
542396608
222
12439
27
2649
11630
197
61832851
405015
635618
23260
1005558
8343
1671930
21512
87732
253
165890362
98099
55201
5309
5057
434
5057
155491
481
28
221
14836
23631312
9972
259658
1950
3931
348
75849
8076
7418
3115
3910033
116
17803
33374
260163
4045
6321
5044145
286
12193
228
2702
5057
1011
1822477
39442
1582
51578
238669005
213
20226
57
17803
105431
6962
3
60679
151446
1365
138
41401
148357
196
180
57140
5123351
82802
4451
41970
1037
5815
21743
235133
200
1438
8300585
5090326
3766789
1043218
3982868
407311
12251
513316
1636446
3345
196956
3452
253
107355747
22
2967
766
215
1245438
8280
457
2208
2238441
85
2037991
603
235
1340440
2449377
612058237
506
410
249
71211
100880
1464243
22617
619415839
2836123
942417
169593
2252722
16
2704405
29671
657361
4785
125
71
144
741786
758
2781
839357
207322
1656
56376
1152
1622
1172803
226
52083
62702
378
11836
3312
130
279
31803
253
405198
35606
990
411228327
2225358
56634
122
1258
861
388854
416413
420
111410
30340
6826
390496562
506
234880
253
25225
243
320452
203
2002822
75931901
91019
20701
1843611
8933
6527717
103
10385
21
3850317
14164
252831
77872
231
89014
252831
5421025
185325
179663213
228
442942128
181
216171
19
13
111499
237
1011325
80906
1674
151699
1654
457641
1783
2610308
1178283
5562
35
1183501
419851
38
29671
123846923
32362
181533
59
487377694
86
506
516300680
3263858
135
134
44751
45004
60679
483789504
149544163
63210136
65
25283
12474
3250
195
21743
15808
245
237372
148
41401
1186
4172
84446
10113
7597
1517
184
36661
201
5309
5044145
34496
4133515
140574
152
525739
210557
1241750
795523
21262
1677021
445489
7364
41970
4551
33374
122
131
10177
2528312
11040
13800
5417859
136242489
148
217435
19468
244
4879059
141585
575342717
7332
2023
8849
1049131
112611177
6068
74838
46
221
1976154
529653
148357
175212
71
511625160
2781
7937110
4510358
370893
2023
994861
215
60174
263
33879
27138
18962
3841269
16354
29671
1245438
1656
374
56376
253
137
296714
3491
506
7507
24070
543520183
57
253
32
329439
101132
212
252831
25789
147
374190
1818824
69529
241201
134974
182
20701
193
13130
408828
109
12429
2603
166
44507
514017287
250
62955
108
12386
6306665
65736
2225358
35174
222536
2907982
80
79389
1354660
38430
13871398
34946
10508
250
253
2023
259625
16940
4
37925
4867
204
3404
141080
2138703
3530
94559
98
1484
378644662
51
101132
5044145
135880046
95065
6813937
1011
11737
2528
82802
7
505662
60174
34122
42223
60093122
445072
253
252831
32982353
2985
29671
6331885
166363
33374
173
245
187
758
5405
4715292
157662896
17803
113521
12131
3295
190572761
70
241
121653
1011
11125
5050
172
4661005
61944
262
80
23129
12642
4455167
5815
1104
205
2114937
5044145
3129
74
984
93548
11630
83
11267
5147780
42223
72
40453
34638
881364
219457
8128
4045
111751
863
1011
2027625
7789
164
10681718
74179
232
3988
319
77
440296291
3525499
296714
1233223
67641
3287
187
567225
439
1923123
390460318
1264
5431
744
917
2909792
258712127
1305086
218
20479
361043
506
758494
27306
50313
101132
4889
552
38
44
96
42223
4539730
445072
430836517
170408
103503
23623
25283
98983303
1264
52
100
467738
300616
23
713598
10
505662
8
99780679
250
70
88744
221018010
51578
10171
75849
377049911
172
4145100
151446
23796
30951
1297463
111
226284
5118323
6816
3540
114
11881
64553
7012
144619
216602
3774315
115
334
1858483
41
983261
3034
9163
116126878
253
1011
56976109
12
378311
5265197
5044145
5412882
232
13871398
70540
1043218
5340859
1499727
153974
27763168
4258375
43
153
11939
3540428
12
1870
58910
4877
3475
10413
160295
232036290
87145
1298303
41401
40959
183808
26547
181533
758
6245
68
161559
36570543
1176978
3556714
5044145
32868
99526
208333
20207
204055657
10548
205
251820
242
4485
130461
728
11869
74179
4553082
31155
46
278620
5118323
445489
12585
207700
4076966
36155
64978
102144
50566
59343
292
89502
4425
43024
168133
5168
151
360537
178
20277
27497
47279
3267182
151
205
610797
4676
155744
8901
741786
27306
69864
161
25536
5044
915
14061
117
8280
286982716
140068
370893
565665477
84797
43024
3312
13871398
211
132183123
8549
1264
5520
2795
50566
53409
2658181
1121
181
1016
2155200
60427
31722
212122
2781
184991132
71211
3182585
75849
4140
2692191
400564
51466968
25016
58404
1365
44245
28570
18457
2240250
11741
256876
98857
267
232
259
2153843
13444
2593117
39729
72
4819795
56
7418
2023
80147
8275365
214
61
5044145
370893
18710
211620
243308281
166
3326446
1187
136276
373787920
3652554
50566
225729774
1558
21021
23737
535691404
4804
207700
8508
1200721
19612
41401
506
252831
1770
479036
30
369
22738
1011
12335
285
29834
10185
894
1597570
1519818
17445
481506110
50566
238
253
10822658
230
301
18204
252831
11926
83181
171
7667
9102
208
2823078
5344
234
174
151699
2741
18807
185325
112937376
237372
178
15132434
478280363
101638
137540
34122
5086707
9447
228
11869
560180
18339638
12642
31244
13997502
13871398
428045703
55
258646
1636446
151699
74179
5053230
2275
246
1313
65
12263
37925
1103
154
242
252831
214
2967
3529118
40056
25075
1021
230
174
2821575
8663
5113
5934
3
29581
421
14836
14836
110400272
910192
64463
141
8554
3725456
3800101
298594
45835
212
2528
9860
1656
905
138199684
4804
1011
65483
1656
79
101132
9231
8115
154
12894
2037730
5057
141838
29539140
490846
5057
78125
8849
51578
10876
16181
153132353
77872
41970
1204270
405794
11125
2747835
353273621
1011
110146561
405541
11377
3109749
136
5088516
75
131
6158307
14836
227042
9681
801129
388
2555903
10113
24441
628
1769761
3203
6
103850
6511398
18819
5044145
1011
41401
198
88
264
90261
15862
895714
274913349
150940
38683
538011042
3858460
56887
82
164
665199
69728
1011
2227131
50566
62310
70
29671
490494707
14836
159
198
5285967
264209
267043
253
71
3880
54359
828
253
178029
157261
116
296714
87985
1011
505662
6900
1417
1097843
528923
72
158
4451
13906
406
1636446
185
543665
3034
795
30340
50566
499442
1179326
2453327
150232806
2741049
3222395
158742
293537
7596
1088
102902
159
4
46774
635
1705327
25283
368423757
152710
2609
19058
171
16043
176
2728835
